<svg
                                width="24"
                                height="24"
                                viewBox="0 0 24 24"
                                fill="none"
                                xmlns="http://www.w3.org/2000/svg"
                            >
                                <g clip-path="url(#clip0_774_9272)">
                                    <path d="M5.92521 0.461363C6.03557 0.460504 6.14593 0.459646 6.25963 0.458761C6.38106 0.458438 6.5025 0.458116 6.62761 0.457783C6.81905 0.4566 6.81905 0.4566 7.01436 0.455394C7.43814 0.453022 7.86191 0.451625 8.2857 0.45043C8.43021 0.449941 8.57472 0.449452 8.72361 0.448948C9.4885 0.446443 10.2534 0.444727 11.0183 0.443604C11.8089 0.442276 12.5995 0.438148 13.3902 0.433383C13.9976 0.430248 14.6049 0.429241 15.2123 0.42881C15.5038 0.428225 15.7952 0.426828 16.0867 0.424605C16.4946 0.421688 16.9025 0.421792 17.3104 0.422627C17.4309 0.42109 17.5514 0.419553 17.6755 0.417969C18.3798 0.423223 18.7837 0.488897 19.3201 0.959023C19.461 1.24085 19.4539 1.40755 19.4518 1.72121C19.4514 1.8233 19.451 1.9254 19.4506 2.03059C19.4496 2.13732 19.4486 2.24405 19.4476 2.35402C19.447 2.46169 19.4465 2.56935 19.4459 2.68027C19.4445 2.94653 19.4425 3.21277 19.4401 3.47902C19.5156 3.47714 19.5912 3.47525 19.6691 3.47331C20.0152 3.46578 20.3614 3.46113 20.7076 3.45652C20.8265 3.45351 20.9453 3.45049 21.0678 3.44738C21.7831 3.44025 22.2917 3.48758 22.9201 3.83902C23.4291 4.36147 23.5341 4.77904 23.5377 5.48963C23.539 5.6612 23.539 5.6612 23.5403 5.83623C23.5407 5.96092 23.541 6.0856 23.5413 6.21406C23.5421 6.34602 23.5429 6.47798 23.5437 6.61393C23.5461 7.05084 23.5475 7.48774 23.5487 7.92465C23.5492 8.07394 23.5496 8.22322 23.5501 8.37703C23.5524 9.08567 23.5541 9.79431 23.5551 10.503C23.5563 11.3192 23.5595 12.1354 23.5643 12.9516C23.5684 13.66 23.5698 14.3684 23.5703 15.0768C23.5709 15.3774 23.5723 15.6781 23.5745 15.9787C23.5774 16.3998 23.5773 16.8208 23.5765 17.2419C23.5788 17.4274 23.5788 17.4274 23.5811 17.6168C23.5752 18.4438 23.449 19.1296 22.8621 19.7459C22.3454 20.1974 21.9599 20.2941 21.2913 20.2926C21.1544 20.2926 21.0175 20.2926 20.8764 20.2926C20.6548 20.2917 20.6548 20.2917 20.4287 20.2907C20.2017 20.2905 20.2017 20.2905 19.9701 20.2902C19.5683 20.2897 19.1664 20.2886 18.7646 20.2873C18.3544 20.286 17.9441 20.2855 17.5339 20.2849C16.7293 20.2836 15.9247 20.2815 15.1201 20.279C15.1795 21.3482 15.1795 21.3482 15.2401 22.439C15.4365 22.4362 15.633 22.4335 15.8354 22.4306C16.0919 22.4283 16.3485 22.4262 16.6051 22.424C16.7347 22.422 16.8643 22.42 16.9979 22.4179C17.1216 22.4172 17.2454 22.4164 17.3729 22.4156C17.5444 22.4137 17.5444 22.4137 17.7195 22.4118C18.0001 22.439 18.0001 22.439 18.2401 22.679C18.2701 22.979 18.2701 22.979 18.2401 23.279C17.9559 23.5632 17.9026 23.5491 17.5173 23.5495C17.4163 23.5502 17.3154 23.5509 17.2113 23.5515C17.1004 23.5511 16.9894 23.5506 16.8751 23.5501C16.7584 23.5505 16.6417 23.5509 16.5215 23.5514C16.1343 23.5524 15.7472 23.5517 15.3601 23.5509C15.0919 23.5511 14.8238 23.5513 14.5557 23.5516C13.9932 23.5519 13.4307 23.5514 12.8682 23.5503C12.1458 23.5489 11.4235 23.5497 10.7012 23.5512C10.1473 23.552 9.59351 23.5518 9.03968 23.5511C8.77328 23.551 8.50687 23.5512 8.24046 23.5517C7.86866 23.5523 7.49688 23.5514 7.12507 23.5501C6.95862 23.5508 6.95862 23.5508 6.78881 23.5515C6.68785 23.5509 6.5869 23.5502 6.48289 23.5495C6.39493 23.5494 6.30697 23.5493 6.21634 23.5492C6.00007 23.519 6.00007 23.519 5.76007 23.279C5.73007 22.979 5.73007 22.979 5.76007 22.679C6.06263 22.3765 6.18156 22.4038 6.60101 22.3893C6.71935 22.3847 6.83768 22.3801 6.95961 22.3753C7.14546 22.3697 7.14546 22.3697 7.33507 22.364C7.45991 22.3594 7.58474 22.3547 7.71336 22.35C8.02223 22.3386 8.33115 22.3287 8.64007 22.319C8.67967 21.6854 8.71927 21.0518 8.76007 20.399C8.46038 20.3964 8.46038 20.3964 8.15462 20.3937C7.41257 20.3868 6.67055 20.3775 5.92853 20.3675C5.60751 20.3633 5.28653 20.3602 4.96548 20.3575C4.50375 20.3534 4.04209 20.3471 3.58039 20.3404C3.43711 20.3397 3.29384 20.3389 3.14622 20.3381C2.25036 20.3223 1.6918 20.2316 0.990074 19.6415C0.402739 18.94 0.444966 18.1809 0.447115 17.3098C0.446502 17.1813 0.445889 17.0528 0.445257 16.9205C0.443592 16.4965 0.443704 16.0726 0.443981 15.6487C0.443514 15.3534 0.442994 15.0581 0.442422 14.7628C0.441527 14.144 0.441562 13.5253 0.442194 12.9065C0.442889 12.1146 0.440858 11.3226 0.438072 10.5307C0.436302 9.92084 0.4362 9.31099 0.436574 8.70113C0.436512 8.4092 0.435885 8.11726 0.434676 7.82533C0.433192 7.41663 0.434008 7.00801 0.435397 6.59932C0.434479 6.47935 0.433562 6.35938 0.432617 6.23577C0.438241 5.48508 0.483237 4.73377 0.997312 4.13627C1.74229 3.46574 2.51828 3.44549 3.46507 3.46402C3.57057 3.46511 3.67607 3.46619 3.78476 3.4673C4.04321 3.47011 4.30165 3.47442 4.56007 3.47902C4.55311 3.3214 4.54615 3.16377 4.53898 3.00137C4.53335 2.79309 4.52789 2.58481 4.52257 2.37652C4.51755 2.27281 4.51252 2.16909 4.50734 2.06223C4.4968 1.51218 4.49714 1.2792 4.84742 0.83293C5.24835 0.532983 5.43491 0.463977 5.92521 0.461363ZM5.52007 1.67902C5.50868 1.96744 5.505 2.2524 5.50645 2.54085C5.50643 2.63099 5.50642 2.72113 5.5064 2.814C5.50648 3.11334 5.50742 3.41266 5.50836 3.71199C5.50858 3.91898 5.50875 4.12598 5.50887 4.33297C5.50933 4.87884 5.51051 5.42471 5.51183 5.97058C5.51306 6.52717 5.51361 7.08376 5.51421 7.64035C5.5155 8.73324 5.51755 9.82613 5.52007 10.919C5.82209 11.07 6.04963 11.064 6.38726 11.077C6.51101 11.082 6.63476 11.087 6.76226 11.0922C6.89189 11.0969 7.02152 11.1017 7.15507 11.1065C7.35091 11.1143 7.35091 11.1143 7.5507 11.1222C7.87381 11.135 8.19694 11.1471 8.52007 11.159C8.55967 11.6738 8.59927 12.1886 8.64007 12.719C8.77867 12.6175 8.91727 12.5161 9.06007 12.4115C9.13804 12.3544 9.216 12.2974 9.29632 12.2386C9.59303 12.0197 9.59303 12.0197 9.77768 11.7955C10.2711 11.2695 10.6482 11.0991 11.3702 11.0546C11.6894 11.0505 12.0065 11.0507 12.3254 11.055C12.4956 11.0541 12.6659 11.0529 12.8361 11.0514C13.2815 11.0482 13.7268 11.0499 14.1722 11.0527C14.7151 11.0553 15.258 11.0524 15.8009 11.0501C16.2228 11.0483 16.6447 11.0475 17.0666 11.0494C17.2172 11.0497 17.3679 11.05 17.5231 11.0503C17.7226 11.0513 17.7226 11.0513 17.9261 11.0524C18.2379 11.0605 18.2379 11.0605 18.4801 10.919C18.4828 9.71635 18.485 8.51368 18.4863 7.311C18.4869 6.75261 18.4878 6.19422 18.4891 5.63583C18.4904 5.09741 18.4911 4.55899 18.4915 4.02057C18.4917 3.81469 18.4921 3.6088 18.4928 3.40292C18.4936 3.11556 18.4938 2.82821 18.4937 2.54085C18.4943 2.4119 18.4943 2.4119 18.495 2.28034C18.5284 1.88588 18.5284 1.88588 18.3601 1.55902C18.1949 1.54732 18.0291 1.54387 17.8636 1.54379C17.7565 1.54345 17.6495 1.54311 17.5392 1.54276C17.4209 1.543 17.3026 1.54325 17.1807 1.5435C17.0568 1.54329 16.9329 1.54308 16.8053 1.54286C16.3935 1.54233 15.9818 1.54268 15.5701 1.54309C15.2853 1.54301 15.0006 1.54289 14.7159 1.54274C14.1183 1.54256 13.5207 1.54282 12.923 1.54338C12.1551 1.54406 11.3871 1.54367 10.6192 1.54295C10.031 1.54252 9.44275 1.54265 8.85454 1.54297C8.57129 1.54305 8.28804 1.54295 8.00479 1.54267C7.60967 1.54236 7.21456 1.54283 6.81945 1.5435C6.64197 1.54313 6.64197 1.54313 6.4609 1.54276C6.35388 1.5431 6.24686 1.54344 6.1366 1.54379C5.99629 1.54385 5.99629 1.54385 5.85316 1.54392C5.63704 1.53585 5.63704 1.53585 5.52007 1.67902ZM1.56007 5.15902C1.47715 5.52077 1.48408 5.87083 1.49196 6.24058C1.49189 6.35008 1.49181 6.45958 1.49174 6.5724C1.49219 6.92588 1.49675 7.27917 1.50148 7.63262C1.50236 7.85122 1.50298 8.06983 1.50331 8.28844C1.50645 9.09782 1.51483 9.90717 1.52257 10.7165C1.53495 12.5257 1.54732 14.335 1.56007 16.199C8.45047 16.199 15.3409 16.199 22.4401 16.199C22.4475 14.3452 22.4549 12.4915 22.4626 10.5815C22.4659 9.9959 22.4691 9.41029 22.4725 8.80692C22.4737 8.28258 22.4737 8.28258 22.4744 7.75824C22.475 7.52445 22.4763 7.29066 22.4781 7.05688C22.4807 6.70302 22.4811 6.34923 22.4809 5.99536C22.4822 5.89098 22.4835 5.7866 22.4849 5.67906C22.499 5.15981 22.499 5.15981 22.2751 4.71211C22.0013 4.49721 21.8121 4.51789 21.4674 4.52387C21.2905 4.52561 21.2905 4.52561 21.11 4.52738C20.9256 4.53191 20.9256 4.53191 20.7376 4.53652C20.6133 4.53815 20.489 4.53977 20.3609 4.54145C20.0539 4.54569 19.747 4.55161 19.4401 4.55902C19.4394 4.64215 19.4387 4.72527 19.4379 4.81091C19.4303 5.67522 19.4201 6.53948 19.4086 7.40375C19.4044 7.7264 19.4011 8.04905 19.3985 8.37172C19.3945 8.83523 19.3882 9.29867 19.3815 9.76215C19.3807 9.90666 19.3799 10.0512 19.3792 10.2001C19.3756 10.4018 19.3756 10.4018 19.372 10.6077C19.37 10.7851 19.37 10.7851 19.3679 10.9662C19.3121 11.3312 19.2156 11.4954 18.9601 11.759C18.5699 11.8891 18.2982 11.8894 17.8881 11.8827C17.7414 11.8808 17.5947 11.879 17.4436 11.8771C17.3652 11.8759 17.2867 11.8748 17.2059 11.8736C16.7 11.8674 16.194 11.8681 15.688 11.8674C15.2449 11.8664 14.802 11.8631 14.3589 11.8548C12.2039 11.7054 12.2039 11.7054 10.2945 12.4532C10.0337 12.7214 9.81806 13.0156 9.60007 13.319C9.38732 13.5119 9.17037 13.7003 8.94757 13.8815C8.85615 13.9587 8.76473 14.0359 8.67054 14.1154C8.40007 14.279 8.40007 14.279 7.80007 14.279C7.76047 13.5266 7.72087 12.7742 7.68007 11.999C6.95681 11.9739 6.95681 11.9739 6.23342 11.9525C5.66629 11.9277 5.25779 11.8905 4.80007 11.519C4.64546 11.2098 4.66087 10.9812 4.65544 10.6349C4.65304 10.5004 4.65065 10.3659 4.64818 10.2273C4.64618 10.0815 4.64417 9.93576 4.64211 9.78559C4.63961 9.63677 4.63712 9.48795 4.63455 9.33462C4.62802 8.93889 4.62199 8.54315 4.61621 8.14741C4.61018 7.74362 4.6035 7.33984 4.59687 6.93605C4.584 6.14372 4.57179 5.35138 4.56007 4.55902C4.17263 4.54152 3.78529 4.53091 3.39757 4.52152C3.28813 4.5165 3.17869 4.51147 3.06593 4.50629C2.90641 4.50339 2.90641 4.50339 2.74367 4.50043C2.59756 4.49572 2.59756 4.49572 2.4485 4.49091C1.99803 4.59729 1.83227 4.78909 1.56007 5.15902ZM1.56007 17.159C1.44144 18.4637 1.44144 18.4637 1.77757 18.9815C2.22482 19.3521 2.60707 19.3344 3.16823 19.3359C3.24652 19.3362 3.32481 19.3366 3.40547 19.337C3.66829 19.338 3.9311 19.3382 4.19392 19.3384C4.38216 19.3389 4.5704 19.3395 4.75864 19.3402C5.27038 19.3417 5.78212 19.3425 6.29386 19.343C6.61349 19.3434 6.93313 19.3439 7.25276 19.3444C8.25261 19.3461 9.25246 19.3472 10.2523 19.3477C11.4069 19.3482 12.5615 19.3503 13.7161 19.3538C14.6084 19.3564 15.5006 19.3576 16.3928 19.3578C16.9259 19.3579 17.4589 19.3586 17.9919 19.3608C18.4932 19.3627 18.9945 19.363 19.4959 19.3619C19.6799 19.3618 19.8638 19.3624 20.0478 19.3636C20.299 19.3651 20.5502 19.3644 20.8014 19.3631C21.0123 19.3634 21.0123 19.3634 21.2274 19.3637C21.6449 19.3137 21.8661 19.2107 22.2001 18.959C22.5732 18.4714 22.5732 18.4714 22.4401 17.159C15.5497 17.159 8.65927 17.159 1.56007 17.159ZM9.84007 20.279C9.80047 20.9918 9.76087 21.7046 9.72007 22.439C11.2249 22.439 12.7297 22.439 14.2801 22.439C14.2207 21.3698 14.2207 21.3698 14.1601 20.279C12.7345 20.279 11.3089 20.279 9.84007 20.279Z" fill="#384152"/>
                                    <path d="M11.9929 2.00219C12.0955 2.00018 12.198 1.99817 12.3037 1.99609C12.6601 2.04845 12.8193 2.15538 13.0804 2.39969C13.2304 2.72219 13.2304 2.72219 13.3204 2.99969C13.4665 2.95266 13.6125 2.90564 13.7629 2.85719C14.1254 2.76849 14.2438 2.74605 14.6029 2.87969C14.9598 3.1883 15.2165 3.44372 15.4804 3.83969C15.4579 4.21469 15.4579 4.21469 15.3604 4.55969C15.3604 4.71809 15.3604 4.87649 15.3604 5.03969C15.4545 5.07186 15.5485 5.10404 15.6454 5.13719C15.9604 5.27969 15.9604 5.27969 16.2004 5.63969C16.2365 5.95094 16.2365 5.95094 16.2379 6.29969C16.2399 6.41477 16.242 6.52986 16.244 6.64844C16.2004 6.95969 16.2004 6.95969 16.0382 7.17203C15.7888 7.35825 15.533 7.4569 15.2404 7.55969C15.2675 7.62651 15.2946 7.69334 15.3225 7.76219C15.4227 8.0697 15.4799 8.31528 15.4804 8.63969C15.2009 9.179 14.8361 9.52924 14.2654 9.73469C13.8983 9.71872 13.6478 9.64339 13.3204 9.47969C13.266 9.59354 13.2115 9.70739 13.1554 9.82469C12.9604 10.1997 12.9604 10.1997 12.7204 10.4397C12.3946 10.4758 12.3946 10.4758 12.0079 10.4772C11.8806 10.4792 11.7533 10.4812 11.6221 10.4833C11.2804 10.4397 11.2804 10.4397 11.0639 10.2775C10.8824 10.0272 10.7826 9.77035 10.6804 9.47969C10.5542 9.5428 10.5542 9.5428 10.4254 9.60719C9.98504 9.75079 9.79934 9.7577 9.36043 9.59969C9.02056 9.31635 8.74893 9.01936 8.52043 8.63969C8.52793 8.24969 8.52793 8.24969 8.64043 7.91969C8.64043 7.76129 8.64043 7.60289 8.64043 7.43969C8.49935 7.38771 8.49935 7.38771 8.35543 7.33469C8.04043 7.19969 8.04043 7.19969 7.80043 6.95969C7.76434 6.66437 7.76434 6.66437 7.76293 6.31469C7.76092 6.19991 7.75891 6.08513 7.75684 5.96687C7.80702 5.59023 7.90022 5.43223 8.16043 5.15969C8.48293 5.00969 8.48293 5.00969 8.76043 4.91969C8.71835 4.83554 8.67628 4.75139 8.63293 4.66469C8.49272 4.23471 8.49983 4.03027 8.64043 3.59969C8.92363 3.21432 9.21446 2.93807 9.66043 2.75969C10.0382 2.75969 10.3311 2.86157 10.6804 2.99969C10.7324 2.88584 10.7844 2.77199 10.8379 2.65469C11.135 2.10458 11.3956 2.00488 11.9929 2.00219ZM11.8804 3.11969C11.7181 3.35812 11.5581 3.59818 11.4004 3.83969C11.0687 4.00556 10.7949 3.97112 10.4254 3.96719C10.2939 3.9661 10.1625 3.96502 10.027 3.96391C9.92583 3.96251 9.82466 3.96112 9.72043 3.95969C9.72739 4.05668 9.73435 4.15367 9.74152 4.25359C9.78619 5.31144 9.78619 5.31144 9.43543 5.78219C9.12043 5.99969 9.12043 5.99969 8.88043 6.11969C8.92003 6.23849 8.95963 6.35729 9.00043 6.47969C9.07715 6.51681 9.15388 6.55394 9.23293 6.59219C9.54914 6.75508 9.59407 6.87003 9.72043 7.19969C9.74387 7.53531 9.74387 7.53531 9.73543 7.88969C9.73326 8.00787 9.7311 8.12605 9.72887 8.24781C9.72469 8.38239 9.72469 8.38239 9.72043 8.51969C9.81015 8.5169 9.89987 8.51412 9.9923 8.51125C10.1105 8.50908 10.2287 8.50692 10.3504 8.50469C10.4674 8.5019 10.5843 8.49912 10.7048 8.49625C11.0501 8.52036 11.2358 8.56657 11.5204 8.75969C11.7304 9.13469 11.7304 9.13469 11.8804 9.47969C11.9596 9.47969 12.0388 9.47969 12.1204 9.47969C12.1699 9.36584 12.2194 9.25199 12.2704 9.13469C12.4938 8.73586 12.549 8.66825 12.9604 8.51969C13.2961 8.49625 13.2961 8.49625 13.6504 8.50469C13.8277 8.50794 13.8277 8.50794 14.0086 8.51125C14.0983 8.51403 14.188 8.51682 14.2804 8.51969C14.2749 8.42131 14.2693 8.32293 14.2636 8.22156C14.2571 8.02758 14.2571 8.02758 14.2504 7.82969C14.2449 7.70161 14.2393 7.57352 14.2336 7.44156C14.2913 6.99552 14.4145 6.87591 14.7604 6.59969C14.8792 6.52049 14.998 6.44129 15.1204 6.35969C15.1204 6.28049 15.1204 6.20129 15.1204 6.11969C14.882 5.95735 14.6419 5.79741 14.4004 5.63969C14.2346 5.30795 14.269 5.03415 14.2729 4.66469C14.274 4.5332 14.2751 4.40172 14.2762 4.26625C14.2776 4.16508 14.279 4.06392 14.2804 3.95969C14.1834 3.96665 14.0865 3.97361 13.9865 3.98078C12.9287 4.02544 12.9287 4.02544 12.4579 3.67469C12.2404 3.35969 12.2404 3.35969 12.1204 3.11969C12.0412 3.11969 11.962 3.11969 11.8804 3.11969Z" fill="#384152"/>
                                    <path d="M12.9898 4.39368C13.5609 4.709 13.8353 5.14529 14.0398 5.75868C14.1389 6.47637 14.0483 6.99788 13.6245 7.59102C13.2419 8.02111 12.88 8.23535 12.3087 8.32368C11.6211 8.35706 11.0804 8.26644 10.5598 7.79868C10.1317 7.32718 9.9211 6.87706 9.88477 6.23868C9.92195 5.60258 10.1201 5.14065 10.5598 4.67868C11.3193 4.10538 12.1241 4.01214 12.9898 4.39368ZM11.2273 5.48118C11.0123 5.79926 10.9289 5.97393 10.9198 6.35868C11.0616 6.73929 11.1766 6.99685 11.4973 7.25118C11.8685 7.34664 12.1127 7.30574 12.4798 7.19868C12.7929 6.96167 12.9315 6.79227 13.0723 6.42618C13.0821 6.02343 12.9543 5.8401 12.7198 5.51868C12.481 5.22907 12.481 5.22907 12.0148 5.23368C11.6483 5.24365 11.539 5.26539 11.2273 5.48118Z" fill="#384152"/>
                                </g>
                                <defs>
                                    <clipPath id="clip0_774_9272">
                                        <rect width="24" height="24" fill="white"/>
                                    </clipPath>
                                </defs>
                            </svg>